************************************************
* artmuse patient study
* date/time: 
* seed: 210768.1681
* subject #: 214
* subject name: 
************************************************

trial	stimOnsetTime	exptCond	stimNum	cue	probe	valid	resp	corResp	Acc	RT	e_VArtH		e_VArtFA	e_VRoomH	e_VRoomFA	e_IVArtH	e_IVArtFA	e_IVRoomH	e_IVRoomFA	c_VArtH	c_VArtFA	c_VRoomH	c_VRoomFA	c_IVArtH	c_IVArtFA	c_IVRoomH	c_IVRoomFA
1	1.991		0		71	1	1	1	0	0	1	0.122	NaN		NaN		NaN		NaN		NaN		NaN		NaN		NaN		NaN		0.00		NaN		NaN		NaN		NaN		NaN		NaN		
2	9.158		0		7	1	1	1	1	1	1	3.844	NaN		NaN		NaN		NaN		NaN		NaN		NaN		NaN		1.00		0.00		NaN		NaN		NaN		NaN		NaN		NaN		
3	20.057		1		24	1	1	1	1	1	1	2.911	1.00		NaN		NaN		NaN		NaN		NaN		NaN		NaN		1.00		0.00		NaN		NaN		NaN		NaN		NaN		NaN		
4	30.024		0		49	1	2	0	1	0	0	0.112	1.00		NaN		NaN		NaN		NaN		NaN		NaN		NaN		1.00		0.00		NaN		NaN		NaN		NaN		NaN		1.00		
5	37.191		1		58	1	2	0	0	1	0	0.005	1.00		NaN		NaN		NaN		NaN		NaN		0.00		NaN		1.00		0.00		NaN		NaN		NaN		NaN		NaN		1.00		
6	44.241		0		33	1	2	0	0	0	1	3.153	1.00		NaN		NaN		NaN		NaN		NaN		0.00		NaN		1.00		0.00		NaN		NaN		NaN		NaN		NaN		0.50		
7	54.440		1		31	1	1	1	1	0	0	0.284	1.00		1.00		NaN		NaN		NaN		NaN		0.00		NaN		1.00		0.00		NaN		NaN		NaN		NaN		NaN		0.50		
8	61.774		0		41	1	2	0	1	1	1	2.140	1.00		1.00		NaN		NaN		NaN		NaN		0.00		NaN		1.00		0.00		NaN		NaN		NaN		NaN		1.00		0.50		
9	70.957		1		4	1	2	0	1	0	0	0.004	1.00		1.00		NaN		NaN		NaN		NaN		0.00		1.00		1.00		0.00		NaN		NaN		NaN		NaN		1.00		0.50		
10	78.007		0		47	1	1	1	1	1	1	2.574	1.00		1.00		NaN		NaN		NaN		NaN		0.00		1.00		1.00		0.00		NaN		NaN		NaN		NaN		1.00		0.50		
11	96.523		1		37	2	2	1	0	0	1	1.428	1.00		1.00		NaN		0.00		NaN		NaN		0.00		1.00		1.00		0.00		NaN		NaN		NaN		NaN		1.00		0.50		
12	105.006		0		12	2	1	0	0	1	0	0.769	1.00		1.00		NaN		0.00		NaN		NaN		0.00		1.00		1.00		0.00		NaN		NaN		0.00		NaN		1.00		0.50		
13	112.823		0		55	2	2	1	1	1	1	3.527	1.00		1.00		NaN		0.00		NaN		NaN		0.00		1.00		1.00		0.00		1.00		NaN		0.00		NaN		1.00		0.50		
14	123.406		1		61	2	2	1	0	0	1	0.373	1.00		1.00		NaN		0.00		NaN		NaN		0.00		1.00		1.00		0.00		1.00		NaN		0.00		NaN		1.00		0.50		
15	130.822		1		65	2	2	1	1	1	1	0.118	1.00		1.00		1.00		0.00		NaN		NaN		0.00		1.00		1.00		0.00		1.00		NaN		0.00		NaN		1.00		0.50		
16	137.989		0		66	2	1	0	1	1	1	1.314	1.00		1.00		1.00		0.00		NaN		NaN		0.00		1.00		1.00		0.00		1.00		NaN		0.50		NaN		1.00		0.50		
17	146.356		1		11	2	2	1	0	0	1	1.988	1.00		1.00		1.00		0.00		NaN		NaN		0.00		1.00		1.00		0.00		1.00		NaN		0.50		NaN		1.00		0.50		
18	155.389		1		56	2	2	1	1	0	0	2.142	1.00		1.00		1.00		0.25		NaN		NaN		0.00		1.00		1.00		0.00		1.00		NaN		0.50		NaN		1.00		0.50		
19	164.572		0		5	2	2	1	0	0	1	1.745	1.00		1.00		1.00		0.25		NaN		NaN		0.00		1.00		1.00		0.00		1.00		0.00		0.50		NaN		1.00		0.50		
20	173.372		0		21	2	2	1	0	0	1	0.310	1.00		1.00		1.00		0.25		NaN		NaN		0.00		1.00		1.00		0.00		1.00		0.00		0.50		NaN		1.00		0.50		
21	190.888		1		64	1	1	1	0	1	0	2.135	0.50		1.00		1.00		0.25		NaN		NaN		0.00		1.00		1.00		0.00		1.00		0.00		0.50		NaN		1.00		0.50		
22	200.071		1		53	1	1	1	0	0	1	1.587	0.50		0.50		1.00		0.25		NaN		NaN		0.00		1.00		1.00		0.00		1.00		0.00		0.50		NaN		1.00		0.50		
23	208.704		1		50	1	1	1	0	0	1	1.897	0.50		0.33		1.00		0.25		NaN		NaN		0.00		1.00		1.00		0.00		1.00		0.00		0.50		NaN		1.00		0.50		
24	217.653		1		75	1	1	1	0	0	1	0.980	0.50		0.25		1.00		0.25		NaN		NaN		0.00		1.00		1.00		0.00		1.00		0.00		0.50		NaN		1.00		0.50		
25	225.688		1		36	1	1	1	1	1	1	1.678	0.67		0.25		1.00		0.25		NaN		NaN		0.00		1.00		1.00		0.00		1.00		0.00		0.50		NaN		1.00		0.50		
26	234.421		1		70	1	1	1	0	0	1	0.197	0.67		0.20		1.00		0.25		NaN		NaN		0.00		1.00		1.00		0.00		1.00		0.00		0.50		NaN		1.00		0.50		
27	241.670		0		16	1	2	0	0	1	0	2.348	0.67		0.20		1.00		0.25		NaN		NaN		0.00		1.00		1.00		0.00		1.00		0.00		0.50		NaN		0.50		0.50		
28	251.070		1		45	1	2	0	1	0	0	1.295	0.67		0.20		1.00		0.25		NaN		NaN		0.00		1.00		1.00		0.00		1.00		0.00		0.50		NaN		0.50		0.50		
29	259.420		1		10	1	1	1	1	1	1	1.144	0.75		0.20		1.00		0.25		NaN		NaN		0.00		1.00		1.00		0.00		1.00		0.00		0.50		NaN		0.50		0.50		
30	267.620		0		27	1	1	1	1	1	1	1.436	0.75		0.20		1.00		0.25		NaN		NaN		0.00		1.00		1.00		0.00		1.00		0.00		0.50		NaN		0.50		0.50		
31	285.536		0		57	2	2	1	1	1	1	2.029	0.75		0.20		1.00		0.25		NaN		NaN		0.00		1.00		1.00		0.00		1.00		0.00		0.50		NaN		0.50		0.50		
32	294.620		1		9	2	1	0	0	0	1	4.553	0.75		0.20		1.00		0.25		NaN		0.00		0.00		1.00		1.00		0.00		1.00		0.00		0.50		NaN		0.50		0.50		
33	306.219		1		78	2	2	1	0	1	0	3.580	0.75		0.20		0.50		0.25		NaN		0.00		0.00		1.00		1.00		0.00		1.00		0.00		0.50		NaN		0.50		0.50		
34	316.852		1		35	2	2	1	1	1	1	1.520	0.75		0.20		0.67		0.25		NaN		0.00		0.00		1.00		1.00		0.00		1.00		0.00		0.50		NaN		0.50		0.50		
35	325.419		1		15	2	1	0	1	1	1	3.772	0.75		0.20		0.67		0.25		1.00		0.00		0.00		1.00		1.00		0.00		1.00		0.00		0.50		NaN		0.50		0.50		
36	336.235		0		46	2	2	1	0	0	1	2.462	0.75		0.20		0.67		0.25		1.00		0.00		0.00		1.00		1.00		0.00		1.00		0.00		0.50		NaN		0.50		0.50		
37	345.752		1		79	2	2	1	0	1	0	0.003	0.75		0.20		0.50		0.25		1.00		0.00		0.00		1.00		1.00		0.00		1.00		0.00		0.50		NaN		0.50		0.50		
38	352.802		1		67	2	2	1	1	0	0	1.482	0.75		0.20		0.50		0.40		1.00		0.00		0.00		1.00		1.00		0.00		1.00		0.00		0.50		NaN		0.50		0.50		
39	361.335		1		54	2	2	1	0	0	1	1.966	0.75		0.20		0.50		0.33		1.00		0.00		0.00		1.00		1.00		0.00		1.00		0.00		0.50		NaN		0.50		0.50		
40	370.352		1		28	2	1	0	1	0	0	1.797	0.75		0.20		0.50		0.33		1.00		0.50		0.00		1.00		1.00		0.00		1.00		0.00		0.50		NaN		0.50		0.50		
41	391.984		1		23	1	1	1	1	0	0	1.097	0.75		0.33		0.50		0.33		1.00		0.50		0.00		1.00		1.00		0.00		1.00		0.00		0.50		NaN		0.50		0.50		
42	400.134		1		73	1	1	1	1	1	1	0.282	0.80		0.33		0.50		0.33		1.00		0.50		0.00		1.00		1.00		0.00		1.00		0.00		0.50		NaN		0.50		0.50		
43	407.467		0		22	1	1	1	1	1	1	1.669	0.80		0.33		0.50		0.33		1.00		0.50		0.00		1.00		1.00		0.00		1.00		0.00		0.50		NaN		0.50		0.50		
44	416.183		1		1	1	1	1	1	1	1	1.314	0.83		0.33		0.50		0.33		1.00		0.50		0.00		1.00		1.00		0.00		1.00		0.00		0.50		NaN		0.50		0.50		
45	424.550		0		3	1	1	1	0	0	1	1.105	0.83		0.33		0.50		0.33		1.00		0.50		0.00		1.00		1.00		0.00		1.00		0.00		0.50		NaN		0.50		0.50		
46	432.700		0		76	1	1	1	1	1	1	1.221	0.83		0.33		0.50		0.33		1.00		0.50		0.00		1.00		1.00		0.00		1.00		0.00		0.50		NaN		0.50		0.50		
47	440.967		1		29	1	1	1	0	0	1	0.841	0.83		0.29		0.50		0.33		1.00		0.50		0.00		1.00		1.00		0.00		1.00		0.00		0.50		NaN		0.50		0.50		
48	448.850		0		62	1	1	1	1	1	1	2.644	0.83		0.29		0.50		0.33		1.00		0.50		0.00		1.00		1.00		0.00		1.00		0.00		0.50		NaN		0.50		0.50		
49	458.550		0		6	1	1	1	1	1	1	1.644	0.83		0.29		0.50		0.33		1.00		0.50		0.00		1.00		1.00		0.00		1.00		0.00		0.50		NaN		0.50		0.50		
50	467.249		1		44	1	2	0	0	1	0	3.186	0.83		0.29		0.50		0.33		1.00		0.50		0.00		1.00		1.00		0.00		1.00		0.00		0.50		NaN		0.50		0.50		
51	546.564		0		13	2	2	1	1	1	1	2.664	0.83		0.29		0.50		0.33		1.00		0.50		0.00		1.00		1.00		0.00		1.00		0.00		0.50		NaN		0.50		0.50		
52	556.280		1		26	2	2	1	0	1	0	1.443	0.83		0.29		0.40		0.33		1.00		0.50		0.00		1.00		1.00		0.00		1.00		0.00		0.50		NaN		0.50		0.50		
53	564.780		0		14	2	2	1	0	0	1	0.988	0.83		0.29		0.40		0.33		1.00		0.50		0.00		1.00		1.00		0.00		1.00		0.00		0.50		NaN		0.50		0.50		
54	572.814		0		42	2	2	1	1	1	1	0.844	0.83		0.29		0.40		0.33		1.00		0.50		0.00		1.00		1.00		0.00		1.00		0.00		0.50		NaN		0.50		0.50		
55	580.714		1		18	2	2	1	0	0	1	1.656	0.83		0.29		0.40		0.29		1.00		0.50		0.00		1.00		1.00		0.00		1.00		0.00		0.50		NaN		0.50		0.50		
56	589.414		0		20	2	2	1	1	1	1	0.880	0.83		0.29		0.40		0.29		1.00		0.50		0.00		1.00		1.00		0.00		1.00		0.00		0.50		NaN		0.50		0.50		
57	597.347		1		2	2	2	1	1	1	1	3.428	0.83		0.29		0.50		0.29		1.00		0.50		0.00		1.00		1.00		0.00		1.00		0.00		0.50		NaN		0.50		0.50		
58	607.830		0		30	2	2	1	1	1	1	2.051	0.83		0.29		0.50		0.29		1.00		0.50		0.00		1.00		1.00		0.00		1.00		0.00		0.50		NaN		0.50		0.50		
59	616.930		0		51	2	1	0	1	0	0	1.210	0.83		0.29		0.50		0.29		1.00		0.50		0.00		1.00		1.00		0.00		1.00		0.00		0.50		1.00		0.50		0.50		
60	625.196		0		17	2	2	1	1	1	1	1.325	0.83		0.29		0.50		0.29		1.00		0.50		0.00		1.00		1.00		0.00		1.00		0.00		0.50		1.00		0.50		0.50		
61	642.462		1		40	1	1	1	1	1	1	1.388	0.86		0.29		0.50		0.29		1.00		0.50		0.00		1.00		1.00		0.00		1.00		0.00		0.50		1.00		0.50		0.50		
62	650.896		0		48	1	1	1	0	0	1	0.200	0.86		0.29		0.50		0.29		1.00		0.50		0.00		1.00		1.00		0.00		1.00		0.00		0.50		1.00		0.50		0.50		
63	658.145		1		68	1	1	1	0	0	1	1.455	0.86		0.25		0.50		0.29		1.00		0.50		0.00		1.00		1.00		0.00		1.00		0.00		0.50		1.00		0.50		0.50		
64	666.646		0		74	1	1	1	1	1	1	1.417	0.86		0.25		0.50		0.29		1.00		0.50		0.00		1.00		1.00		0.00		1.00		0.00		0.50		1.00		0.50		0.50		
65	675.112		0		25	1	1	1	0	0	1	0.248	0.86		0.25		0.50		0.29		1.00		0.50		0.00		1.00		1.00		0.00		1.00		0.00		0.50		1.00		0.50		0.50		
66	682.411		0		19	1	1	1	1	0	0	1.090	0.86		0.25		0.50		0.29		1.00		0.50		0.00		1.00		1.00		0.20		1.00		0.00		0.50		1.00		0.50		0.50		
67	690.545		0		59	1	1	1	0	0	1	0.213	0.86		0.25		0.50		0.29		1.00		0.50		0.00		1.00		1.00		0.17		1.00		0.00		0.50		1.00		0.50		0.50		
68	697.811		1		39	1	1	1	1	1	1	0.004	0.88		0.25		0.50		0.29		1.00		0.50		0.00		1.00		1.00		0.17		1.00		0.00		0.50		1.00		0.50		0.50		
69	704.861		0		69	1	1	1	0	0	1	2.450	0.88		0.25		0.50		0.29		1.00		0.50		0.00		1.00		1.00		0.14		1.00		0.00		0.50		1.00		0.50		0.50		
70	714.361		0		60	1	1	1	0	0	1	1.130	0.88		0.25		0.50		0.29		1.00		0.50		0.00		1.00		1.00		0.12		1.00		0.00		0.50		1.00		0.50		0.50		
71	732.910		0		77	2	2	1	0	0	1	1.231	0.88		0.25		0.50		0.29		1.00		0.50		0.00		1.00		1.00		0.12		1.00		0.00		0.50		1.00		0.50		0.50		
72	741.194		0		52	2	1	0	0	0	1	2.173	0.88		0.25		0.50		0.29		1.00		0.50		0.00		1.00		1.00		0.12		1.00		0.00		0.50		0.50		0.50		0.50		
73	750.409		1		34	2	2	1	0	0	1	1.089	0.88		0.25		0.50		0.25		1.00		0.50		0.00		1.00		1.00		0.12		1.00		0.00		0.50		0.50		0.50		0.50		
74	758.543		1		63	2	2	1	0	1	0	2.054	0.88		0.25		0.43		0.25		1.00		0.50		0.00		1.00		1.00		0.12		1.00		0.00		0.50		0.50		0.50		0.50		
75	767.643		0		38	2	2	1	1	1	1	0.777	0.88		0.25		0.43		0.25		1.00		0.50		0.00		1.00		1.00		0.12		1.00		0.00		0.50		0.50		0.50		0.50		
76	775.477		0		80	2	2	1	0	0	1	0.019	0.88		0.25		0.43		0.25		1.00		0.50		0.00		1.00		1.00		0.12		1.00		0.00		0.50		0.50		0.50		0.50		
77	782.543		0		8	2	2	1	0	0	1	0.042	0.88		0.25		0.43		0.25		1.00		0.50		0.00		1.00		1.00		0.12		1.00		0.00		0.50		0.50		0.50		0.50		
78	789.626		0		32	2	2	1	0	0	1	1.059	0.88		0.25		0.43		0.25		1.00		0.50		0.00		1.00		1.00		0.12		1.00		0.00		0.50		0.50		0.50		0.50		
79	797.725		1		72	2	2	1	1	1	1	1.756	0.88		0.25		0.50		0.25		1.00		0.50		0.00		1.00		1.00		0.12		1.00		0.00		0.50		0.50		0.50		0.50		
80	806.526		1		43	2	1	0	1	1	1	2.737	0.88		0.25		0.50		0.25		1.00		0.50		0.00		1.00		1.00		0.12		1.00		0.00		0.50		0.50		0.50		0.50		
