************************************************
* artmuse patient study
* date/time:
* seed: 209294.137
* subject #: 103
* subject name: 
************************************************

trial	stimOnsetTime	exptCond	stimNum	cue	probe	valid	resp	corResp	Acc	RT	e_VArtH		e_VArtFA	e_VRoomH	e_VRoomFA	e_IVArtH	e_IVArtFA	e_IVRoomH	e_IVRoomFA	c_VArtH	c_VArtFA	c_VRoomH	c_VRoomFA	c_IVArtH	c_IVArtFA	c_IVRoomH	c_IVRoomFA
1	1.999		1		17	1	2	0	1	0	0	3.376	NaN		NaN		NaN		NaN		NaN		NaN		NaN		1.00		NaN		NaN		NaN		NaN		NaN		NaN		NaN		NaN		
2	12.431		1		58	1	1	1	0	0	1	0.807	NaN		0.00		NaN		NaN		NaN		NaN		NaN		1.00		NaN		NaN		NaN		NaN		NaN		NaN		NaN		NaN		
3	20.282		0		27	1	1	1	1	0	0	0.802	NaN		0.00		NaN		NaN		NaN		NaN		NaN		1.00		NaN		1.00		NaN		NaN		NaN		NaN		NaN		NaN		
4	28.132		0		43	1	2	0	0	0	1	1.992	NaN		0.00		NaN		NaN		NaN		NaN		NaN		1.00		NaN		1.00		NaN		NaN		NaN		NaN		NaN		0.00		
5	37.165		0		64	1	1	1	1	1	1	3.211	NaN		0.00		NaN		NaN		NaN		NaN		NaN		1.00		1.00		1.00		NaN		NaN		NaN		NaN		NaN		0.00		
6	47.432		1		21	1	1	1	0	1	0	1.486	0.00		0.00		NaN		NaN		NaN		NaN		NaN		1.00		1.00		1.00		NaN		NaN		NaN		NaN		NaN		0.00		
7	55.964		0		47	1	1	1	1	1	1	1.051	0.00		0.00		NaN		NaN		NaN		NaN		NaN		1.00		1.00		1.00		NaN		NaN		NaN		NaN		NaN		0.00		
8	64.064		1		38	1	1	1	0	1	0	1.396	0.00		0.00		NaN		NaN		NaN		NaN		NaN		1.00		1.00		1.00		NaN		NaN		NaN		NaN		NaN		0.00		
9	72.514		1		77	1	1	1	0	0	1	1.761	0.00		0.00		NaN		NaN		NaN		NaN		NaN		1.00		1.00		1.00		NaN		NaN		NaN		NaN		NaN		0.00		
10	81.330		1		28	1	1	1	1	0	0	0.004	0.00		0.33		NaN		NaN		NaN		NaN		NaN		1.00		1.00		1.00		NaN		NaN		NaN		NaN		NaN		0.00		
11	93.614		0		4	2	2	1	1	1	1	1.313	0.00		0.33		NaN		NaN		NaN		NaN		NaN		1.00		1.00		1.00		1.00		NaN		NaN		NaN		NaN		0.00		
12	101.980		0		32	2	1	0	1	1	1	4.508	0.00		0.33		NaN		NaN		NaN		NaN		NaN		1.00		1.00		1.00		1.00		NaN		1.00		NaN		NaN		0.00		
13	113.530		1		41	2	2	1	0	0	1	2.641	0.00		0.33		NaN		0.00		NaN		NaN		NaN		1.00		1.00		1.00		1.00		NaN		1.00		NaN		NaN		0.00		
14	123.213		0		74	2	2	1	0	0	1	1.476	0.00		0.33		NaN		0.00		NaN		NaN		NaN		1.00		1.00		1.00		1.00		0.00		1.00		NaN		NaN		0.00		
15	131.745		0		78	2	1	0	1	1	1	1.095	0.00		0.33		NaN		0.00		NaN		NaN		NaN		1.00		1.00		1.00		1.00		0.00		1.00		NaN		NaN		0.00		
16	139.896		0		75	2	2	1	0	0	1	0.246	0.00		0.33		NaN		0.00		NaN		NaN		NaN		1.00		1.00		1.00		1.00		0.00		1.00		NaN		NaN		0.00		
17	147.196		1		39	2	2	1	0	0	1	0.999	0.00		0.33		NaN		0.00		NaN		NaN		NaN		1.00		1.00		1.00		1.00		0.00		1.00		NaN		NaN		0.00		
18	155.245		0		55	2	2	1	1	1	1	0.636	0.00		0.33		NaN		0.00		NaN		NaN		NaN		1.00		1.00		1.00		1.00		0.00		1.00		NaN		NaN		0.00		
19	162.929		1		63	2	2	1	0	1	0	2.059	0.00		0.33		0.00		0.00		NaN		NaN		NaN		1.00		1.00		1.00		1.00		0.00		1.00		NaN		NaN		0.00		
20	172.045		1		25	2	2	1	0	1	0	0.217	0.00		0.33		0.00		0.00		NaN		NaN		NaN		1.00		1.00		1.00		1.00		0.00		1.00		NaN		NaN		0.00		
21	186.329		0		67	1	2	0	1	1	1	1.680	0.00		0.33		0.00		0.00		NaN		NaN		NaN		1.00		1.00		1.00		1.00		0.00		1.00		NaN		1.00		0.00		
22	195.062		1		76	1	2	0	1	1	1	1.317	0.00		0.33		0.00		0.00		NaN		NaN		1.00		1.00		1.00		1.00		1.00		0.00		1.00		NaN		1.00		0.00		
23	203.428		0		6	1	1	1	0	0	1	1.435	0.00		0.33		0.00		0.00		NaN		NaN		1.00		1.00		1.00		0.50		1.00		0.00		1.00		NaN		1.00		0.00		
24	211.911		0		14	1	1	1	0	0	1	0.819	0.00		0.33		0.00		0.00		NaN		NaN		1.00		1.00		1.00		0.33		1.00		0.00		1.00		NaN		1.00		0.00		
25	219.778		0		51	1	2	0	1	1	1	0.004	0.00		0.33		0.00		0.00		NaN		NaN		1.00		1.00		1.00		0.33		1.00		0.00		1.00		NaN		1.00		0.00		
26	226.828		0		11	1	1	1	0	0	1	1.483	0.00		0.33		0.00		0.00		NaN		NaN		1.00		1.00		1.00		0.25		1.00		0.00		1.00		NaN		1.00		0.00		
27	235.361		0		66	1	1	1	1	1	1	0.718	0.00		0.33		0.00		0.00		NaN		NaN		1.00		1.00		1.00		0.25		1.00		0.00		1.00		NaN		1.00		0.00		
28	243.127		1		31	1	1	1	1	1	1	0.004	0.33		0.33		0.00		0.00		NaN		NaN		1.00		1.00		1.00		0.25		1.00		0.00		1.00		NaN		1.00		0.00		
29	250.176		0		15	1	1	1	1	1	1	0.004	0.33		0.33		0.00		0.00		NaN		NaN		1.00		1.00		1.00		0.25		1.00		0.00		1.00		NaN		1.00		0.00		
30	257.227		1		42	1	1	1	1	1	1	0.632	0.50		0.33		0.00		0.00		NaN		NaN		1.00		1.00		1.00		0.25		1.00		0.00		1.00		NaN		1.00		0.00		
31	273.244		1		7	2	2	1	0	1	0	1.737	0.50		0.33		0.00		0.00		NaN		NaN		1.00		1.00		1.00		0.25		1.00		0.00		1.00		NaN		1.00		0.00		
32	282.027		0		72	2	2	1	0	0	1	6.495	0.50		0.33		0.00		0.00		NaN		NaN		1.00		1.00		1.00		0.25		1.00		0.00		1.00		NaN		1.00		0.00		
33	295.576		1		16	2	2	1	0	1	0	1.382	0.50		0.33		0.00		0.00		NaN		NaN		1.00		1.00		1.00		0.25		1.00		0.00		1.00		NaN		1.00		0.00		
34	304.009		1		69	2	2	1	0	0	1	2.201	0.50		0.33		0.00		0.00		NaN		NaN		1.00		1.00		1.00		0.25		1.00		0.00		1.00		NaN		1.00		0.00		
35	313.259		1		70	2	1	0	1	0	0	5.393	0.50		0.33		0.00		0.00		NaN		1.00		1.00		1.00		1.00		0.25		1.00		0.00		1.00		NaN		1.00		0.00		
36	325.709		1		54	2	2	1	0	0	1	2.609	0.50		0.33		0.00		0.00		NaN		1.00		1.00		1.00		1.00		0.25		1.00		0.00		1.00		NaN		1.00		0.00		
37	335.359		1		37	2	2	1	0	0	1	1.617	0.50		0.33		0.00		0.00		NaN		1.00		1.00		1.00		1.00		0.25		1.00		0.00		1.00		NaN		1.00		0.00		
38	344.025		1		1	2	1	0	1	0	0	1.131	0.50		0.33		0.00		0.00		NaN		1.00		1.00		1.00		1.00		0.25		1.00		0.00		1.00		NaN		1.00		0.00		
39	352.208		0		57	2	2	1	1	1	1	1.878	0.50		0.33		0.00		0.00		NaN		1.00		1.00		1.00		1.00		0.25		1.00		0.00		1.00		NaN		1.00		0.00		
40	361.142		0		56	2	2	1	0	0	1	0.750	0.50		0.33		0.00		0.00		NaN		1.00		1.00		1.00		1.00		0.25		1.00		0.00		1.00		NaN		1.00		0.00		
41	376.958		0		68	1	1	1	1	1	1	2.633	0.50		0.33		0.00		0.00		NaN		1.00		1.00		1.00		1.00		0.25		1.00		0.00		1.00		NaN		1.00		0.00		
42	386.641		1		22	1	1	1	0	0	1	1.085	0.50		0.25		0.00		0.00		NaN		1.00		1.00		1.00		1.00		0.25		1.00		0.00		1.00		NaN		1.00		0.00		
43	394.774		0		13	1	1	1	1	0	0	0.004	0.50		0.25		0.00		0.00		NaN		1.00		1.00		1.00		1.00		0.40		1.00		0.00		1.00		NaN		1.00		0.00		
44	401.824		1		80	1	1	1	1	0	0	0.181	0.50		0.40		0.00		0.00		NaN		1.00		1.00		1.00		1.00		0.40		1.00		0.00		1.00		NaN		1.00		0.00		
45	409.057		0		73	1	1	1	0	0	1	8.536	0.50		0.40		0.00		0.00		NaN		1.00		1.00		1.00		1.00		0.33		1.00		0.00		1.00		NaN		1.00		0.00		
46	424.641		1		60	1	1	1	1	0	0	1.568	0.50		0.50		0.00		0.00		NaN		1.00		1.00		1.00		1.00		0.33		1.00		0.00		1.00		NaN		1.00		0.00		
47	433.256		1		46	1	1	1	1	1	1	0.977	0.60		0.50		0.00		0.00		NaN		1.00		1.00		1.00		1.00		0.33		1.00		0.00		1.00		NaN		1.00		0.00		
48	441.289		1		44	1	1	1	1	1	1	2.347	0.67		0.50		0.00		0.00		NaN		1.00		1.00		1.00		1.00		0.33		1.00		0.00		1.00		NaN		1.00		0.00		
49	450.690		1		12	1	1	1	1	1	1	0.705	0.71		0.50		0.00		0.00		NaN		1.00		1.00		1.00		1.00		0.33		1.00		0.00		1.00		NaN		1.00		0.00		
50	458.440		0		79	1	1	1	1	1	1	0.874	0.71		0.50		0.00		0.00		NaN		1.00		1.00		1.00		1.00		0.33		1.00		0.00		1.00		NaN		1.00		0.00		
51	473.123		1		26	2	2	1	0	1	0	2.463	0.71		0.50		0.00		0.00		NaN		1.00		1.00		1.00		1.00		0.33		1.00		0.00		1.00		NaN		1.00		0.00		
52	482.639		1		71	2	2	1	0	0	1	1.208	0.71		0.50		0.00		0.00		NaN		1.00		1.00		1.00		1.00		0.33		1.00		0.00		1.00		NaN		1.00		0.00		
53	490.889		0		45	2	2	1	1	1	1	0.395	0.71		0.50		0.00		0.00		NaN		1.00		1.00		1.00		1.00		0.33		1.00		0.00		1.00		NaN		1.00		0.00		
54	498.339		1		48	2	2	1	0	1	0	0.004	0.71		0.50		0.00		0.00		NaN		1.00		1.00		1.00		1.00		0.33		1.00		0.00		1.00		NaN		1.00		0.00		
55	505.389		0		35	2	2	1	1	1	1	2.081	0.71		0.50		0.00		0.00		NaN		1.00		1.00		1.00		1.00		0.33		1.00		0.00		1.00		NaN		1.00		0.00		
56	514.522		0		5	2	1	0	0	0	1	2.685	0.71		0.50		0.00		0.00		NaN		1.00		1.00		1.00		1.00		0.33		1.00		0.00		1.00		0.00		1.00		0.00		
57	524.255		1		61	2	1	0	1	1	1	0.134	0.71		0.50		0.00		0.00		1.00		1.00		1.00		1.00		1.00		0.33		1.00		0.00		1.00		0.00		1.00		0.00		
58	531.438		0		34	2	2	1	0	0	1	0.612	0.71		0.50		0.00		0.00		1.00		1.00		1.00		1.00		1.00		0.33		1.00		0.00		1.00		0.00		1.00		0.00		
59	539.105		0		33	2	2	1	1	1	1	0.004	0.71		0.50		0.00		0.00		1.00		1.00		1.00		1.00		1.00		0.33		1.00		0.00		1.00		0.00		1.00		0.00		
60	546.155		0		20	2	2	1	1	1	1	3.598	0.71		0.50		0.00		0.00		1.00		1.00		1.00		1.00		1.00		0.33		1.00		0.00		1.00		0.00		1.00		0.00		
61	559.471		1		18	1	2	0	1	0	0	5.394	0.71		0.50		0.00		0.00		1.00		1.00		1.00		1.00		1.00		0.33		1.00		0.00		1.00		0.00		1.00		0.00		
62	571.921		0		8	1	1	1	1	1	1	1.517	0.71		0.50		0.00		0.00		1.00		1.00		1.00		1.00		1.00		0.33		1.00		0.00		1.00		0.00		1.00		0.00		
63	580.488		1		19	1	1	1	0	0	1	1.233	0.71		0.43		0.00		0.00		1.00		1.00		1.00		1.00		1.00		0.33		1.00		0.00		1.00		0.00		1.00		0.00		
64	588.770		1		52	1	2	0	0	1	0	0.128	0.71		0.43		0.00		0.00		1.00		1.00		0.50		1.00		1.00		0.33		1.00		0.00		1.00		0.00		1.00		0.00		
65	595.954		0		23	1	2	0	0	0	1	1.470	0.71		0.43		0.00		0.00		1.00		1.00		0.50		1.00		1.00		0.33		1.00		0.00		1.00		0.00		1.00		0.00		
66	604.470		1		59	1	1	1	0	0	1	1.023	0.71		0.38		0.00		0.00		1.00		1.00		0.50		1.00		1.00		0.33		1.00		0.00		1.00		0.00		1.00		0.00		
67	612.536		0		49	1	1	1	1	0	0	1.216	0.71		0.38		0.00		0.00		1.00		1.00		0.50		1.00		1.00		0.43		1.00		0.00		1.00		0.00		1.00		0.00		
68	620.803		1		3	1	1	1	1	1	1	1.401	0.75		0.38		0.00		0.00		1.00		1.00		0.50		1.00		1.00		0.43		1.00		0.00		1.00		0.00		1.00		0.00		
69	629.253		0		9	1	1	1	1	1	1	1.737	0.75		0.38		0.00		0.00		1.00		1.00		0.50		1.00		1.00		0.43		1.00		0.00		1.00		0.00		1.00		0.00		
70	638.036		0		50	1	1	1	0	0	1	0.666	0.75		0.38		0.00		0.00		1.00		1.00		0.50		1.00		1.00		0.38		1.00		0.00		1.00		0.00		1.00		0.00		
71	650.369		0		24	2	2	1	1	1	1	2.149	0.75		0.38		0.00		0.00		1.00		1.00		0.50		1.00		1.00		0.38		1.00		0.00		1.00		0.00		1.00		0.00		
72	659.569		1		62	2	2	1	0	1	0	1.592	0.75		0.38		0.00		0.00		1.00		1.00		0.50		1.00		1.00		0.38		1.00		0.00		1.00		0.00		1.00		0.00		
73	668.201		0		30	2	2	1	0	0	1	0.757	0.75		0.38		0.00		0.00		1.00		1.00		0.50		1.00		1.00		0.38		1.00		0.00		1.00		0.00		1.00		0.00		
74	676.002		0		10	2	2	1	0	0	1	0.844	0.75		0.38		0.00		0.00		1.00		1.00		0.50		1.00		1.00		0.38		1.00		0.00		1.00		0.00		1.00		0.00		
75	683.902		1		29	2	2	1	0	0	1	0.819	0.75		0.38		0.00		0.00		1.00		1.00		0.50		1.00		1.00		0.38		1.00		0.00		1.00		0.00		1.00		0.00		
76	691.769		1		53	2	1	0	0	1	0	0.027	0.75		0.38		0.00		0.00		0.50		1.00		0.50		1.00		1.00		0.38		1.00		0.00		1.00		0.00		1.00		0.00		
77	698.835		0		40	2	2	1	0	0	1	0.819	0.75		0.38		0.00		0.00		0.50		1.00		0.50		1.00		1.00		0.38		1.00		0.00		1.00		0.00		1.00		0.00		
78	706.702		1		65	2	2	1	0	0	1	0.032	0.75		0.38		0.00		0.00		0.50		1.00		0.50		1.00		1.00		0.38		1.00		0.00		1.00		0.00		1.00		0.00		
79	713.785		1		36	2	2	1	0	1	0	2.263	0.75		0.38		0.00		0.00		0.50		1.00		0.50		1.00		1.00		0.38		1.00		0.00		1.00		0.00		1.00		0.00		
80	723.101		0		2	2	1	0	1	0	0	0.901	0.75		0.38		0.00		0.00		0.50		1.00		0.50		1.00		1.00		0.38		1.00		0.00		1.00		0.50		1.00		0.00		
